   0.000000e+00  -1.420500e+07   6.211600e-10   1.863500e-09
  -3.500000e-05  -1.536000e+07   0.000000e+00   0.000000e+00
  -7.000000e-05  -1.651500e+07   1.242300e-09   1.242300e-09
  -1.050000e-04  -1.767000e+07   1.242300e-09   1.242300e-09
  -1.400000e-04  -1.882500e+07   1.242300e-09   1.242300e-09
  -1.750000e-04  -1.998000e+07   1.863500e-09   1.863500e-09
  -2.100000e-04  -2.113500e+07   1.242300e-09   1.242300e-09
  -2.450000e-04  -2.229000e+07  -1.242300e-09  -1.242300e-09
  -2.800000e-04  -2.344500e+07   2.484600e-09   2.484600e-09
  -3.150000e-04  -2.460000e+07   0.000000e+00   0.000000e+00
  -3.500000e-04  -2.575500e+07   2.484600e-09   2.484600e-09
  -3.850000e-04  -2.691000e+07   0.000000e+00   0.000000e+00
  -4.200000e-04  -2.796700e+07  -3.866500e+00  -3.866500e+00
  -4.550000e-04  -2.881900e+07  -3.380200e+00  -3.380200e+00
  -4.900000e-04  -2.963900e+07  -3.476300e+00  -3.476300e+00
  -5.250000e-04  -3.042500e+07  -3.738800e+00  -3.738800e+00
  -5.600000e-04  -3.117500e+07  -3.516200e+00  -3.516200e+00
  -5.950000e-04  -3.188800e+07  -3.437200e+00  -3.437200e+00
  -6.300000e-04  -3.256500e+07  -3.436600e+00  -3.436600e+00
  -6.650000e-04  -3.320500e+07  -3.473600e+00  -3.473600e+00
  -7.000000e-04  -3.380800e+07  -3.141000e+00  -3.141000e+00
  -7.350000e-04  -3.437400e+07  -3.197600e+00  -3.197600e+00
  -7.700000e-04  -3.490400e+07  -3.229400e+00  -3.229400e+00
  -8.050000e-04  -3.540000e+07  -2.939700e+00  -2.939700e+00
  -8.400000e-04  -3.586100e+07  -2.920400e+00  -2.920400e+00
  -8.750000e-04  -3.629000e+07  -2.865100e+00  -2.865100e+00
  -9.100000e-04  -3.668700e+07  -2.776000e+00  -2.776000e+00
  -9.450000e-04  -3.705400e+07  -2.657000e+00  -2.657000e+00
  -9.800000e-04  -3.739200e+07  -2.513800e+00  -2.513800e+00
  -1.015000e-03  -3.770300e+07  -2.525200e+00  -2.525200e+00
  -1.050000e-03  -3.798700e+07  -2.498400e+00  -2.498400e+00
  -1.085000e-03  -3.824700e+07  -2.281200e+00  -2.281200e+00
  -1.120000e-03  -3.848300e+07  -2.202300e+00  -2.202300e+00
  -1.155000e-03  -3.869700e+07  -2.237500e+00  -2.237500e+00
  -1.190000e-03  -3.889000e+07  -2.108700e+00  -2.108700e+00
  -1.225000e-03  -3.906300e+07  -1.967800e+00  -1.967800e+00
  -1.260000e-03  -3.921800e+07  -1.928900e+00  -1.928900e+00
  -1.295000e-03  -3.935400e+07  -1.869800e+00  -1.869800e+00
  -1.330000e-03  -3.947400e+07  -1.793800e+00  -1.793800e+00
  -1.365000e-03  -3.957900e+07  -1.703800e+00  -1.703800e+00
  -1.400000e-03  -3.966900e+07  -1.692600e+00  -1.692600e+00
  -1.435000e-03  -3.974500e+07  -1.576200e+00  -1.576200e+00
  -1.470000e-03  -3.980900e+07  -1.533300e+00  -1.533300e+00
  -1.505000e-03  -3.986100e+07  -1.475900e+00  -1.475900e+00
  -1.540000e-03  -3.990300e+07  -1.405600e+00  -1.405600e+00
  -1.575000e-03  -3.993600e+07  -1.324300e+00  -1.324300e+00
  -1.610000e-03  -3.996000e+07  -1.298600e+00  -1.298600e+00
  -1.645000e-03  -3.997800e+07  -1.258200e+00  -1.258200e+00
  -1.680000e-03  -3.998900e+07  -1.204200e+00  -1.204200e+00
  -1.715000e-03  -3.999600e+07  -1.138200e+00  -1.138200e+00
  -1.750000e-03  -3.999900e+07  -1.116500e+00  -1.116500e+00
  -1.785000e-03  -4.000000e+07  -1.028100e+00  -1.028100e+00
  -1.820000e-03  -3.871500e+07  -9.457200e-01  -9.457200e-01
  -1.855000e-03  -3.519900e+07  -8.340000e-01  -8.340000e-01
  -1.890000e-03  -3.230600e+07  -7.277300e-01  -7.277300e-01
  -1.925000e-03  -2.984600e+07  -6.582800e-01  -6.582800e-01
  -1.960000e-03  -2.770800e+07  -5.813600e-01  -5.813600e-01
  -1.995000e-03  -2.582200e+07  -5.210100e-01  -5.210100e-01
  -2.030000e-03  -2.413700e+07  -4.718900e-01  -4.718900e-01
  -2.065000e-03  -2.262000e+07  -4.111800e-01  -4.111800e-01
  -2.100000e-03  -2.124300e+07  -3.777000e-01  -3.777000e-01
  -2.135000e-03  -1.998700e+07  -3.327300e-01  -3.327300e-01
  -2.170000e-03  -1.883400e+07  -3.084100e-01  -3.084100e-01
  -2.205000e-03  -1.777300e+07  -2.736800e-01  -2.736800e-01
  -2.240000e-03  -1.679100e+07  -2.435400e-01  -2.435400e-01
  -2.275000e-03  -1.588100e+07  -2.277100e-01  -2.277100e-01
  -2.310000e-03  -1.503500e+07  -2.035500e-01  -2.035500e-01
  -2.345000e-03  -1.424600e+07  -1.822800e-01  -1.822800e-01
  -2.380000e-03  -1.351000e+07  -1.714000e-01  -1.714000e-01
  -2.415000e-03  -1.282000e+07  -1.539500e-01  -1.539500e-01
  -2.450000e-03  -1.217400e+07  -1.384600e-01  -1.384600e-01
  -2.485000e-03  -1.156700e+07  -1.246600e-01  -1.246600e-01
  -2.520000e-03  -1.099700e+07  -1.178100e-01  -1.178100e-01
  -2.555000e-03  -1.046000e+07  -1.062800e-01  -1.062800e-01
  -2.590000e-03  -9.953600e+06  -9.596200e-02  -9.596200e-02
  -2.625000e-03  -9.476000e+06  -8.671200e-02  -8.671200e-02
  -2.660000e-03  -9.025000e+06  -7.840800e-02  -7.840800e-02
  -2.695000e-03  -8.598700e+06  -7.094600e-02  -7.094600e-02
  -2.730000e-03  -8.195300e+06  -6.735600e-02  -6.735600e-02
  -2.765000e-03  -7.813500e+06  -6.101600e-02  -6.101600e-02
  -2.800000e-03  -7.451600e+06  -5.530200e-02  -5.530200e-02
  -2.835000e-03  -7.108600e+06  -5.014700e-02  -5.014700e-02
  -2.870000e-03  -6.783100e+06  -4.549200e-02  -4.549200e-02
  -2.905000e-03  -6.474200e+06  -4.128600e-02  -4.128600e-02
  -2.940000e-03  -6.180800e+06  -3.748400e-02  -3.748400e-02
  -2.975000e-03  -5.902000e+06  -3.570200e-02  -3.570200e-02
  -3.010000e-03  -5.637000e+06  -3.243700e-02  -3.243700e-02
  -3.045000e-03  -5.384900e+06  -2.947900e-02  -2.947900e-02
  -3.080000e-03  -5.145000e+06  -2.680000e-02  -2.680000e-02
  -3.115000e-03  -4.916700e+06  -2.437000e-02  -2.437000e-02
  -3.150000e-03  -4.699300e+06  -2.216700e-02  -2.216700e-02
  -3.185000e-03  -4.492200e+06  -2.016700e-02  -2.016700e-02
  -3.220000e-03  -4.294800e+06  -1.924800e-02  -1.924800e-02
  -3.255000e-03  -4.106800e+06  -1.752000e-02  -1.752000e-02
  -3.290000e-03  -3.927400e+06  -1.595000e-02  -1.595000e-02
  -3.325000e-03  -3.756400e+06  -1.452400e-02  -1.452400e-02
  -3.360000e-03  -3.593200e+06  -1.322800e-02  -1.322800e-02
  -3.395000e-03  -3.437600e+06  -1.205000e-02  -1.205000e-02
  -3.430000e-03  -3.289000e+06  -1.097800e-02  -1.097800e-02
  -3.465000e-03  -3.147200e+06  -1.000300e-02  -1.000300e-02
  -3.500000e-03  -3.011700e+06  -9.116400e-03  -9.116400e-03
  -3.535000e-03  -2.882400e+06  -8.715100e-03  -8.715100e-03
  -3.570000e-03  -2.758900e+06  -7.944800e-03  -7.944800e-03
  -3.605000e-03  -2.640800e+06  -7.243400e-03  -7.243400e-03
  -3.640000e-03  -2.528100e+06  -6.604700e-03  -6.604700e-03
  -3.675000e-03  -2.420300e+06  -6.023100e-03  -6.023100e-03
  -3.710000e-03  -2.317300e+06  -5.493200e-03  -5.493200e-03
